$ANSIBLE_VAULT;1.1;AES256
36306136623032393262393735313263653235386234376230356239616134643864346634313161
3538303034626533393861653161393637646632373666300a393130313362366164636263343965
30313864353363343437353762313336626131663634653739356161323330666365663235356337
3338363364333132650a373330666332373232643430626439663365616330343038353565613062
37623262363862386230323332383764616239356437303364313135663633346665396265363338
64376133356339623566643766643864663434383363336661373530366333393236653763313461
35333836383937363036646362313830616432343733616235616164326266353361643238333732
61663162343039363265383537613332653161656338666564653631316261346536313865623433
33663335316637343935386437303763653436613565313961656332333564653633656462333061
63346262326533343561666664306634343764643662363366636639313664333133313864356230
30333436653330396135323265343435316633626566663234633432303431303265663166366534
66663262666130666430326337396436383431363862646361343561336336643664626266373761
34396131366463613564316465363436326135323430383939313861663539393137656162626136
35323732323133613232313265613734663435376364643565346365306462633438356261383262
31373233666439326434363037333439633136316436373663386236613863623630616332303439
34316364623562616265666432656139336264333539623538613333613835663637386639323838
66623535363161386537343862636365346261333464333637393161646164313263636234353463
37643439623365363837653165633965383162383738666432383936646238346530303237366263
32336234333436633166363733626632663132656234623339336165303363383736633962643639
64626161323265336330386466323065336266633530356637613761633936333464383339323530
63633466373337663138643734306532623139366361616638633633373962383936356436613139
36363866356430636136376638306336383261653137393961333839663230343138616235386636
37626231616431663137656131656562303333376230613161386365653763303238616634373164
37633433653063626335393639306131376137633133663736663835663035663038306465613566
35656561363331313534636436386161346662653766383538363835643132623661303665616237
63656133303766323633633063323064616238316331633638333266396231383638393731633663
32666163326438383936373436353532326436613238323564393862323236383039633361393637
32313161373064663237643463336666313831316234616535653566663937643564633038303139
30336164633263646435393864353738333633666135613663303638636434356664636532333531
66353235313930363662346562323861396562653032646435623163623966643765303934323966
33316337616566326331303866333263386562623639346234646431663166333635363834623562
34636136383733303534376365666231306266623133383831633664326139336539313165306536
65366638303539383662396363373930623365353230333832666536313039613036333130346630
66643532303465383634353637366266633065653432366434336366363939383461643263303838
38343234643835383830343230383862353861653565613566323137326133383735613930653434
63333131666363613665303365663663366663323939373937613361333763643362353937356433
61663133333762326137626636663839343263343132636332646335303133386564363832333461
62623436393061373037326630393835663561343862393465336465326565353563303863653331
37316636643861343535396466333833343063373338393334633537353032633637646261353535
38303737353864386566363530386336626632383238623737636536346261306330623833313933
38383836663635396664313332316534396331316636306236383736386436363436383637636338
66383033376538303032353133396566643932643064336362306465623635326162623533316163
36333131303661346330643531653366623535363235376337623766656436396137323136393934
30663061393338616635623566326230303431313939353333353336316533393464663038643565
63643538333136376164343730333862666437336137323038653037306365326461663731626334
38626237323336383264343065323538376163383733646666303862643636383430613430643536
63383031633733316339323766386665366262363364633631313937393362353139663463356565
34366664316263313537326661616235633832303933356664646534313036396531306433653637
32393535653963333034643761323763616235323663623462623130613162646463383938613163
34356565656630636232303533363134666562336634316635343866343266366535363036646462
37383661663334353838646162323931663334633939633664373966373262373862336164643039
31336233333965306564326232663534363231643563306334633163303230383533643036383539
30323232303266313664613061616131363831643437316531353665656364633765373134656230
65656464363533636533663162373932636530356335623334616433393261353365316631363261
39356263316166343339383032663439313866383635326364613538313633373863633566343362
31353663626536626461316238656462373736393031636362336561663732343764363866623264
38306233623836616263383965346464633937643138663330373266316232613130346231386566
32363636626631646432663065303436666134343163383731626465313630303134306630386462
65613235366139653936626138306463643565653362326333643162346161333332623936383566
35653762323537643930323838373734303131363266653863323433366534303034663533356539
38626232616563316662636266306237383362336566333437393736386137383332653038306532
66313161636636356363653162626233333230303166343330376263303236666466383035346463
38623837363466313362333166663264653636303930666363623039626463373965356364646530
37616162643866386330623039326463333666643935366136653735393263646264313438363862
36373565363461363539363136306162376237656563633063313363373035653365393933633237
31666264343135646439376630643333663630373137346337383936326138336133636435373762
35343332383564323136313563373631616163626130393661333937616137353263313036643735
34666462316339643832383139313935623530643236613733323536393531653265623861316464
61623964303835383063386137613930646434616432376663336264626332303963326662366631
32366533633234303437656262646364353262643035333466346465633264313039373331353633
36396539363430303338363363303832373066626431396464363334306537326537313132306539
39306532313430646263623637383832383332323230396536663266353734386630643130653338
65386535653837613863363335616666343630633733336431306133363134353163373837306362
61313431373636306161616231396163653639386432356161663734643466323763323732363765
34326264643930623466363361343363623139306634383030633037333263393561666435383732
65303236316536313739636230343766383266383530613632383933303065613534383739356330
36633761613839613331623765623638363831313132313532336632623965383961633830353130
31646536363463393238386132363065383561613036646438636335643635323334373361623230
34323763393165643262653438653263336464333639393730313531636562306231343530643738
61316561353039636135336162656466313932346664663137643865346437643661366438303165
64663236383161386333633366376434366363313632613036383530313363373530316630636231
38323433303332313939346232633433663233666339346165613034353334356161363665663836
63336239666635643332306661633262646161636131333063353736326663326166616237376463
65656365663835626632326665303163646330613136613633366263653931323732353966366139
36653165343364626263336566323037653663643432633639626566313930373461323432383534
34643534666531616362333535346336303937633731303166373062373731653030616433343730
36616439356432333438393133653230643438313730356534666337616162653264303839623836
61353461613565613230363136393936343161373661623964343937653564613465363736333235
37393661343739653632353039306232663539356534376437363265383764393234306532393732
61383039666366343635316436396337653438633164613562316436633834666538356639653164
63393264323333343563336138653635653335303864353264623665306232336131356432633365
32373833623835663536303031633066383730623538313263666432616534333937386231663561
66313661636662333934623565343530396634653832336339363164343638623333316239386536
34663735306261313138633062386661356433643731336565346362343631633766666530366463
62643363303235346663373632393165643963363066613434343865346539653633363265366138
61646661303133306432313034376264313730323331366633633234633130653861396666303334
30396535633932326536396637313364623363336564646230643635393030393435663738353233
35646430323534396565306230396635613164663238663330306664313739343236653361336439
35333262613966333866613734663262316433386636313762646431663435666364666430303634
65376234616533643031313562623130633833613963373066373765356239666564306639363061
31636135393836303235356563643561363261393661393432626563313633636533663763316134
64623739386463343161613936323864346638643136353933316464623030643432623937323835
30313734323066386461646261373737306264663363316633636366333661363163613136323032
36373533326336393730653937646565613437616238613438353934643730313738643237636564
33313236616337333665396464613233353663303366363831623335613463313437363133636237
32313963376363663234323430666236383664313330343338343937663334653234663230633333
36356364646462323265356437336532643932336165313935623237313537373631646338303564
65313662383432616664356366303237653839373166396361386662356564303666613839313234
62343733316637326332646339323330656432386438393438636635386364333534373865383833
63386136343030643962343437663735393032373338356537636637313662323730386137663331
62623134643431343039306334333662376437363366346334353737326362333531353436383932
31363162393230653239303862333035373934323033636639666536663962386634666638386131
36346631333737326437613266306433643164353766636462306136666238613562613134643662
64323666666133393432653330383164653738323431643734383831616430363536623465626535
66666236313932343635306436653232373233623734613331346662393566333731643334303332
33616161346232663964626638306134306634336165333661316436333966616664363134663166
66346436646332376333326130653235383366663438343036363861393732303439343166366365
30373834636336393838373733356331323264663664353939626235613536316135656435393265
61636238346433393631666238353335653537636233633639313233646232323662393933323261
62626530666263656462653665386535636366353464313165373537663537653762323439646439
35373238303965623163643662636466636434306665306131366530336264323063316333646166
33376566376132336264346132326562636333353961373562616431303761343966643235643734
34356639663032313236303036386234313962633933316438646631373233646264333736613466
37636238363265616330626635303135323162666234633435616638333361623631333234653562
61646366646538333265356265363265646233643835363532373139346133313565306238383037
63313539616162316638316432333234633637623132656637366665633263656563346161643361
37333564316432623366646461326264383834343933366264313064633734636464376639363361
63383236363266646439383235613034323034626430376464393261363065343330393764343662
63363834343563643234396137373236303937386330613966386538646136633735646564626433
32326261313562376137353035356265613363346238313263303734303066396239633133356432
39366436343165353336666333613363636662663035353232303765623431616566363434373436
38323733623531616432313339373563373539623835303930643333326361633432303038333661
35373565383561376562616335653733643935643830323136633663313730343836663066346461
3530316361376531626539323735626131326231643532393733
